72
3
60
96
48
85
56
80
22
52
80
66
40
31
30
20
12
89
78
75
39
49
8
58
26
70
94
6
67
16
82
18
5
11
66
50
84
53
82
7
15
17
50
6
6
16
91
42
84
69
58
16
15
59
71
0
8
98
93
91
44
57
75
2
42
27
86
37
54
99
88
14
91
95
71
7
19
41
60
0
23
65
95
93
61
97
35
34
26
86
38
61
32
78
27
23
8
68
95
100
27
5
65
83
82
48
70
37
30
19
68
47
80
7
67
43
74
74
48
11
61
2
66
58
71
63
37
27
0
49
66
89
0
60
24
97
5
83
94
85
12
49
11
49
15
81
37
41
65
0
54
72
53
98
76
24
8
69
88
8
36
36
15
94
19
95
19
63
54
90
95
75
73
43
32
81
80
86
11
5
54
94
71
71
99
27
1
9
51
97
86
54
45
49
67
85
47
61
91
42
21
9
14
64
12
78
21
18
7
56
63
50
53
60
65
84
46
7
22
4
63
10
21
37
94
34
42
57
26
91
80
82
56
82
67
41
85
26
23
51
73
46
25
33
41
3
100
73
28
8
25
22
18
13
38
29
8
53
1
1
28
84
46
90
15
29
90
74
81
71
25
58
10
73
69
89
26
39
47
100
53
92
26
77
20
70
52
44
78
39
21
70
65
55
6
0
7
88
53
37
74
41
57
36
76
13
41
72
5
33
8
68
85
74
68
91
63
44
61
36
20
48
37
47
28
27
12
44
93
63
89
65
34
48
19
6
75
93
19
31
10
10
85
98
73
88
18
36
16
10
28
51
97
66
11
100
100
47
65
9
71
29
8
40
42
19
79
18
64
17
58
29
59
94
97
13
40
3
18
84
38
52
87
15
9
71
94
31
25
47
20
90
39
35
87
40
44
62
8
82
75
13
2
60
31
84
38
92
37
93
74
54
53
62
34
17
54
5
75
10
27
25
37
46
94
4
55
41
64
46
3
92
27
56
63
35
49
37
25
7
9
2
7
60
33
19
14
65
89
16
54
67
23
34
100
98
46
11
87
97
45
64
58
60
65
85
82
33
63
40
41
92
97
94
45
85
21
12
10
31
99
7
39
73
11
64
55
94
78
61
31
88
61
98
14
44
11
36
44
55
53
63
35
60
65
21
92
8
24
15
56
21
43
67
80
12
85
91
15
15
71
20
51
4
28
42
35
10
15
93
29
1
49
64
59
70
66
11
52
53
10
44
4
23
12
14
47
62
31
100
85
52
68
80
22
46
92
19
42
51
83
45
70
56
20
83
22
29
58
95
70
88
9
20
51
22
80
88
49
70
19
48
82
85
82
52
100
41
65
49
58
90
7
91
37
26
93
16
69
91
43
4
23
75
31
31
91
67
36
14
34
91
58
92
26
52
60
40
43
69
81
8
57
83
34
91
56
12
72
77
43
17
1
99
93
27
2
75
9
86
85
91
6
25
96
62
62
22
80
65
27
14
70
2
40
77
49
28
3
13
33
12
91
56
92
92
71
21
27
36
8
13
79
28
72
96
80
67
69
74
63
96
7
82
83
98
23
53
84
6
48
60
8
18
18
71
52
14
92
30
30
32
35
7
38
53
3
86
46
50
86
57
25
40
21
45
88
62
38
25
98
88
90
78
34
19
7
79
27
94
55
58
3
88
0
7
39
70
77
50
28
97
75
84
92
24
61
71
3
36
38
77
24
69
66
84
49
6
53
92
7
89
48
28
53
71
41
31
66
66
63
76
10
38
0
97
16
67
13
36
58
88
60
22
11
85
26
72
54
57
1
35
95
95
85
29
46
65
54
22
31
30
47
12
38
31
92
7
40
44
61
18
10
12
83
2
82
77
30
9
51
74
80
12
40
58
79
12
7
66
96
82
65
48
72
34
21
49
89
5
94
38
26
22
98
28
83
0
88
36
33
72
10
72
81
3
15
82
65
31
56
3
94
20
66
81
99
73
31
14
28
79
17
97
54
62
25
23
61
22
59
85
55
79
92
79
32
96
86
69
14
95
75
3
10
8
8
48
39
90
36
82
79
7
14
55
5
17
84
22
54
69
2
71
8
89
1
79
1
59
12
11
84
85
13
45
89
54
24
78
9
83
58
25
41
25
98
26
9
94
63
34
91
31
5
32
19
37
72
56
18
35
6
20
3
54
17
3
65
69
0
4
37
50
26
63
81
81
18
17
82
68
62
54
71
78
17
67
50
2
32
98
1
67
44
30
98
85
61
33
92
58
40
8
46
79
62
4
42
12
68
10
100
59
18
17
47
52
36
89
5
8
93
16
33
51
57
85
27
66
53
97
84
49
80
67
6
88
21
77
84
12
49
45
66
90
91
6
20
17
46
65
73
48
21
89
94
62
94
45
67
69
22
10
84
77
8
85
98
52
81
70
58
19
44
98
15
11
23
54
26
5
1
24
1
0
56
29
74
57
80
75
2
27
95
96
11
2
81
62
80
83
5
21
59
7
46
31
25
26
6
41
6
54
79
96
72
50
55
3
61
93
18
87
61
85
22
53
21
87
52
96
67
66
48
44
20
57
12
68
60
69
71
82
54
81
86
68
75
14
3
6
31
10
56
100
44
76
92
40
71
79
75
12
0
15
21
13
7
45
39
1
53
47
3
99
61
85
5
1
63
85
21
35
7
42
32
31
85
15
33
65
20
34
8
71
82
50
63
32
34
98
71
83
95
8
87
10
73
70
21
23
30
36
36
93
32
28
41
60
80
68
23
53
75
17
84
69
26
90
90
36
31
29
22
99
75
23
98
28
38
76
66
99
90
17
64
94
0
59
41
11
93
75
17
54
93
75
61
71
50
45
36
9
50
95
12
86
69
31
77
43
75
82
80
8
49
61
42
7
20
38
99
47
35
33
3
38
47
89
68
54
6
68
5
79
92
72
17
19
33
29
13
81
80
68
44
7
22
82
66
11
46
73
55
86
31
76
20
54
72
30
0
59
99
49
12
18
4
73
86
68
62
93
78
8
100
46
50
39
34
89
0
81
72
84
44
37
42
86
81
53
90
42
48
27
58
51
61
44
36
55
25
79
100
33
27
70
6
51
50
60
19
92
79
83
50
90
67
16
37
45
1
19
75
52
93
76
1
58
20
79
75
62
4
21
78
79
37
72
71
15
67
54
78
59
68
1
4
56
81
21
88
52
88
18
3
34
59
41
53
11
99
42
88
24
61
13
20
69
99
37
5
3
4
28
32
79
46
57
51
56
57
27
18
60
11
53
55
33
8
48
75
47
98
74
84
45
44
86
11
18
78
11
83
99
70
99
14
98
78
53
85
97
100
29
29
83
62
3
14
17
50
31
96
16
71
22
66
34
66
12
14
13
71
18
59
54
1
78
84
86
5
91
86
21
6
75
51
64
